ABRD.ME|341.60|07/21/2023 16:01|3.49|0.623|4.68|2.33|6.00|-2.57|-70.83|-25.40|-31.89||7.64|7.33|15.19|13.57|0|1.22|0.4525
AFKS.ME|17.37|07/21/2023 16:06|0.70|11.85|1.76|0.87|7.00|-2.26||||1.92|0.13|0.2782|3.11|3.71|0|0.774|37.66
AFLT.ME|43.97|07/21/2023 16:16||-5.76||0.70|||145.55||||-3.23|-3.23||2094.79|0|5.58|16.98
AGRO.ME|1120.60|07/21/2023 16:04|1.89|1.36|0.67|1.30|6.00|-1.57|-55.21|111.64|40.13|5.07|2.50|7.02|6.69|15.65|0|5.17|0.2891
AKMB.ME|1.32|07/21/2023 16:08|||||||||||||||||53.26
AKRN.ME|19358|07/21/2023 16:04|6.91|0.48|14.54|2.22|5.00|5.36|-65.75||-50.93||5.70|11.70|9.90|28.16|0|4.79|0.001099
AKSC.ME|58.90|07/20/2023 23:50|||||||||||||||||0.002427
ALRS.ME|80.30|07/21/2023 16:06||0.548|15.92|3.14|||71.53||19.12||18.29|15.83|36.75|27.69|14.94|12.45|22.76
AMEZ.ME|72.23|07/21/2023 16:08||0.208|49.58|2.75|||46.30||118.68||50.04|13.63|85.52|25.96|0|0|0.9936
AMRB.ME|106.60|07/21/2023 15:36|||||||||||||||||0.000552
AMRE.ME|95.50|07/21/2023 15:46|||||||||||||||||0.007995
AMRH.ME|113.80|07/21/2023 15:36|||||||||||||||||0.001542
APTK.ME|14.08|07/21/2023 16:06||-4.46|0.30|0.70|||||||17.28|-26.53||-498.07|0|0|2.71
AQUA.ME|632.00|07/21/2023 15:37||0.718|12.61|2.64|||||-27.89||28.65|26.54|49.34|210.13|1.91|0.382|0.2193
ARSA.ME|10.16|07/21/2023 16:00|36.47|0.015||10.57||-3.17|-93.74||-87.07||2.37|4.20|2.55|4.47|0|2.28|0.6511
ASSB.ME|1.68|07/21/2023 16:02|4.69|0.20|5.31|1.13|6.00|-1.98|||-39.52||2.05|1.82|26.20|67.75|0|6.19|3.35
AVAN.ME|1155.00|07/21/2023 15:42||0.196|||||-101.33||-50.03||3.20|4.81|14.05|26.46|7.78|3.79|0.004098
BANE.ME|1823.50|07/21/2023 16:09||0.249|17.23|2.25|||139.41||224.68||9.89|10.65|16.56|19.67|0|5.96|0.1056
BCSB.ME|11.70|07/21/2023 16:09|||||||||||||||||0.1553
BELU.ME|4900.00|07/21/2023 16:14|2.58|1.52|5.86|1.45|6.00|-2.28|-26.12|229.71|-18.25||10.02|4.78|32.86|14.96|0|1.57|0.0883
BLNG.ME|28.16|07/21/2023 16:03||0||1488.75|||||-79.66||6.11|4.93|6.11|0.2518|0|0|5.81
BRZL.ME|1314.00|07/21/2023 16:11||0|544.77|252.79|||97.65||294.19||19.07|1.32|19.67|1.39|0|0|0.002927
BSPB.ME|194.48|07/21/2023 16:00||0.034|||7.00|-1.94|110.24|84.80|233.07||1.75|1.22|9.18|10.82|6.43|4.11|1.66
BSPBP.ME|68.95|07/21/2023 16:01|||||||||||||||||0.3287
CBOM.ME|7.00|07/21/2023 16:00||0.671||||-2.52|761.78|21.51|78.59||0.31|1.00|4.57|11.82|0|0.374|29.99
CHGZ.ME|51.20|07/21/2023 15:35||0||45.91|||-4.57||15.33||1.40|2.07|1.42|2.09|0|0|0.0575
CHKZ.ME|13100|07/21/2023 16:17|0.82|4.79|2.11|1.04|4.00|-2.27||92.44|-13.37||2.40|1.96|29.50|14.50|0|1.74|0.00004876
CHMF.ME|1262.80|07/21/2023 16:10||0.461|38.87|1.22|||20.09||21.81||35.72|28.53|80.45|64.05|18.18|14.82|1.13
CHMK.ME|6655.00|07/21/2023 15:30|1.28|1.58|0.85|2.58|6.00|-1.20||||15.19|-2.57|2.25|-10.36|9.18|0|0|0.001979
CIAN.ME|713.40|07/21/2023 15:37|6.76|0.011|43.60|2.79||-3.06|||-99.80||11.19||15.71||0||0.0622
CNTL.ME|15.78|07/21/2023 16:15|7.37|0.04||1.67|4.00|-1.64|||-85.57||1.00|19.08|1.56|29.04|0|23.85|0.7742
DIOD.ME|12.17|07/21/2023 16:16|4.21|0|1411.38|7.56|3.00|-2.39|31.65|-8.86|-13.42||2.83|1.88|3.34|2.23|0|5.14|0.3387
DIVD.ME|1096.80|07/21/2023 16:07|||||||||||||||||0.002911
DSKY.ME|71.32|07/21/2023 16:06||-37.66|3.75|0.93|||-90.47||||8.11|8.84|||9.02|8.44|0.2289
DVEC.ME|1.80|07/21/2023 16:08|2.43|0.636|5.90|0.70|7.00|-2.69|-153.41|141.25|35.67||4.44|-1.38|12.28|-122.57|0|0|10.77
DZRD.ME|4375.00|07/21/2023 15:39|2.32|0.219|12.42|1.24|6.00|-3.36|168.23||||-0.67|5.07|-0.92|6.75|0|0|0.000693
EELT.ME|12.40|07/21/2023 16:12|4.57|0.051|17.99|1.83|4.00|-0.87||224.68|-49.12||7.80|21.15|17.76|45.86|0|2.12|0.4345
ELFV.ME|0.5804|07/21/2023 16:06|0.43|1.24|4.74|1.01|5.00|-2.86|||||-9.78|5.88|-22.21|11.57|0|11.57|66.46
ELTZ.ME|614.00|07/21/2023 15:51|-1.30|-2.02||1.41|6.00|-1.85|||||-15.72|-5.70||-51.21|0|0|0.0857
ENPG.ME|522.40|07/21/2023 15:35|1.21|1.82|2.62|1.62|5.00|-2.55|296.60|170.89|182.16||3.47|4.79|14.45|30.31|0|0|0.5332
ESGR.ME|1278.00|07/21/2023 16:03|||||||||||||||||0.000254
ETLN.ME|88.50|07/21/2023 15:31|1.76|1.36|1.21|3.29|3.00|-0.95|-277.38|3941.16|-93.38|0.6283|5.57|1.71|19.32|6.02|0|4.13|1.25
FEES.ME|0.1061|07/21/2023 16:16||0.249|13.29|1.93|||727.97||700.37||4.10|6.81|5.77|10.07|8.24|6.68|2215.25
FESH.ME|71.99|07/21/2023 16:15|4.50|0.446|14.11|1.89|7.00|-2.88|-7.76|357.35|25.07||28.22|20.51|56.76|54.49|0|0|4.20
FIVE.ME|1955.00|07/21/2023 15:54|1.21|6.20|1.11|0.63|5.00|-2.37|942.72|10181||0.2763|0.36|3.32|4.16|29.23|0|4.98|0.6641
FIXP.ME|402.40|07/21/2023 16:11||1.18|13.16|0.97|8.00|-2.51|||-66.86||22.37||143.63||0||0.4211
FLOT.ME|93.88|07/21/2023 16:00||0.785|1.79|1.44|||||-32.30||0.57|1.04|1.11|2.15|9.11|1.82|12.95
GAZA.ME|893.00|07/21/2023 16:03||41.51|1.63|0.76|||-73.59||||3.03|0.8038|||0|0|0.004998
GAZAP.ME|523.50|07/21/2023 16:05||41.51|1.63|0.76|||||||3.03|0.8038|||0|0|0.002967
GAZP.ME|171.33|07/21/2023 16:00||0.318|31.87|1.54|||278.00||575.65||8.37|5.21|13.75|8.29|3.66|3.08|20.12
GCHE.ME|3338.50|07/21/2023 16:13|1.34|1.41|2.01|0.95|3.00|-1.39|-23.94|89.50|-41.55|12.27|1.56|7.83|3.97|19.03|0|5.96|0.0114
GEMA.ME|939.00|07/21/2023 16:11|1.83|0.395|5.39|1.13|5.00|1.09|||-19.97||12.52|25.69|40.04|116.66|0|4.84|0.001884
GEMC.ME|655.30|07/21/2023 16:04|||||||||||||||||0.0612
GLTR.ME|578.70|07/21/2023 16:06|2.67|0.368|13.71|1.22|9.00|-3.07|||100.36||23.69|17.82|44.33|34.33|0|0|0.3588
GMKN.ME|16002|07/21/2023 16:01|3.22|1.64|15.13|1.09|4.00|-1.34|49.64|266.86|-15.86||23.29|24.53|96.38|121.93|0|6.94|0.1417
GROD.ME|789.00|07/21/2023 16:15|||||||||||||||||0.001526
GTRK.ME|80.85|07/21/2023 16:05|2.41|0.571|1.58|1.20|8.00|-2.31|2.99||-27.55||0.94|2.67|1.96|5.84|0|0.586|0.0709
HHRU.ME|2194.00|07/21/2023 16:08|4.24|0.818|10.46|0.89|9.00|-2.73||85.24|||25.53|14.45|103.59|62.05|0|0|0.0181
HMSG.ME|178.50|07/21/2023 16:07|1.46|2.26|1.56|1.69|4.00|-2.09|||66.65|23.17|0.49|1.46|3.11|7.10|0|0|0.0044
HYDR.ME|0.8389|07/21/2023 16:07|1.45|0.129|6.74|1.13|6.00|-2.33|65.10||32.56|9.81|1.78|3.31|2.72|5.22|7.16|6.04|127.48
IGST.ME|6810.00|07/21/2023 15:53|1.49|3.33|7.56|1.20|6.00|4.44|||28.74||9.27|-2.21|||0|0|0.002552
INGO.ME|115.65|07/21/2023 16:13|||||||||||||||||0.0209
INGR.ME|1929.00|07/21/2023 15:45||17.89|1.65|2.07|||||-79.97||0.96|-5.59|24.53|-33.04|6.14|1.23|0.0157
IRAO.ME|4.14|07/21/2023 16:11||0.165|11.16|3.03|||306.08||273.76||10.83|10.00|14.99|14.30|3.69|2.09|103.51
IRKT.ME|61.00|07/21/2023 15:54|1.57|2.71|1.30|1.93|7.00|-2.01|||-86.44||-2.35|-15.61||-10.78|0|0.644|0.5111
ISKJ.ME|109.94|07/21/2023 15:47||||||||||||2.34||20.88|0|0|0.8349
JNOS.ME|29.65|07/21/2023 16:08||0.506|1.89|0.70|||288.90||107.85||4.19|7.19|7.55|11.41|0|0|0.0851
KAZT.ME|656.20|07/21/2023 16:15||0.488|24.04|1.53|||-9.99||30.47||27.00|9.60|51.88|19.90|4.33|2.89|0.0398
KBSB.ME|370.50|07/21/2023 16:03|6.23|1.18|0.54|0.93|||-48.53|-48.65|||0.34|-0.4114|1.87|-69.58|0|2.70|0.0152
KCHE.ME|0.3265|07/21/2023 15:50|1.16|1.44|1.48|1.28|4.00|-2.10|-56.38||10.74||3.92|6.26|14.19|37.93|0|0|23.12
KGKC.ME|52.40|07/21/2023 15:44|1.86|0.336|2.34|0.92|7.00|-2.96|51.47||-13.59||2.87|1.80|5.87|3.72|0|2.70|0.0298
KLSB.ME|28.13|07/21/2023 15:53|4.39|2.72|1.10|0.75|8.00|-2.76|-191.04|-11.08|3.47||1.48|1.02|8.37|6.05|0|0|6.14
KMAZ.ME|219.00|07/21/2023 16:14||1.95|1.49|1.16|||-152.14||-58.12||1.61|1.03|7.78|4.41|0.52|0.66|0.9219
KMEZ.ME|1581.00|07/21/2023 16:02|2.39|0.597||1.52|6.00|-3.22|||||-4.90|-1.58|-7.35|-1.85|0|0|0.005287
KOGK.ME|49000|07/21/2023 16:16|3.58|0.023|102.35|6.38|8.00|-1.96|||434.65|3.08|9.52|10.25|10.18|10.90|0|0|0.00003348
KRKN.ME|12450|07/21/2023 15:44||0|474.21|4.83|||||664.77||13.49|10.50|16.10|12.60|0|0|0.00006176
KROT.ME|2091.00|07/21/2023 15:40|4.66|0|7.02|1.97|7.00|-2.45|-60.52||-42.07||3.97|1.83|5.51|2.70|0|0.012|0.0387
KRSB.ME|16.29|07/21/2023 16:04|7.33|0.012|3006.39|1.44|5.00|-2.61||200.72|9.87||18.07|14.40|39.09|42.18|0|7.59|0.3379
KTSB.ME|2.55|07/21/2023 16:13|6.09|0.285|19.20|1.30|6.00|-2.25|||-67.08||2.20|1.77|6.58|6.32|0|0|0.9107
KUBE.ME|276.10|07/21/2023 16:13|1.86|0.617|3.72|0.57|8.00|-2.92|-51.58|19.53|-29.90||5.63|2.65|12.03|5.82|0|2.13|0.0568
KUZB.ME|0.0596|07/21/2023 16:01||0.125|||||2.56||-31.62||1.14|0.8092|12.38|8.21|8.14|4.17|130.74
KZOS.ME|110.10|07/21/2023 16:16||0.012|141.55|3.23|||||-12.59||25.00|21.77|28.68|26.94|5.58|3.44|0.5569
LENT.ME|793.00|07/21/2023 15:48||1.39|2.58|0.94|||76.62||||4.17|3.73|12.44|12.75|0|0|0.0533
LIFE.ME|7.71|07/21/2023 15:42|-4.43|6.16||0.17|5.00|-2.83|-155.06||||-15.13|-23.65|-76.75|-58.50|0|0|13.40
LKOH.ME|5485.00|07/21/2023 16:03||0.168|30.84|1.73|||169.72||139.67||11.94|8.55|17.78|12.63|8.42|7.20|0.9339
LNZL.ME|15820|07/21/2023 16:14|39.02|0.076||5.90|4.00||-10.01||-80.35||16.15|12.77|17.83|15.09|0|33.09|0.001307
LPSB.ME|23.65|07/21/2023 16:12||0.014|188.57|2.31|||-68.66||-71.13||3.42|4.74|6.57|10.06|0|0|0.5441
LSNG.ME|17.84|07/21/2023 16:13|1.91|0.178||0.44|8.00|-3.36||-52.53|-2.08||2.75|6.00|4.17|9.23|0|1.60|4.69
LSRG.ME|707.80|07/21/2023 16:10|1.56|2.27|1.98|2.08|3.00|-1.11|-256.35|61.59|170.13||3.48|4.45|14.00|14.86|0|7.12|0.4998
LVHK.ME|23.94|07/21/2023 15:51|2.62|0.343|4.29|2.17|5.00|-3.50|-73.71|-30.26|-26.95||4.13|3.48|8.23|6.39|0|0.702|0.1023
MAGE.ME|6.13|07/21/2023 16:03||||||||||||8.38||320.62|0|0|0.5791
MAGN.ME|51.07|07/21/2023 16:05||0.154|104.44|1.85|||118.14||168.09||36.49|17.90|55.52|27.03|12.46|9.03|24.13
MDMG.ME|660.20|07/21/2023 15:37|4.81|0.022|16.51|1.46|7.00|-2.62|||-98.35|8.68|14.39|13.25|19.75|20.41|0|0|0.0543
MFGS.ME|437.50|07/21/2023 16:12||0.265|1.50|1.23|||155.70||158.00||2.19|0.8342|4.14|0.8048|0|0|0.002997
MGNT.ME|5696.00|07/21/2023 15:49|2.15|3.54|1.88|0.71|6.00|-2.02||45.93|-35.90|10.28|4.80|3.53|29.07|15.36|9.91|6.97|0.7227
MGTS.ME|1770.00|07/21/2023 16:16|5.05|0.097|13.52|2.13|7.00|-2.25|||27.25||12.67|12.11|15.92|16.65|0|5.18|0.000701
MISB.ME|41.90|07/21/2023 16:12||0.264|6.93|1.33|||-48.83||-34.39||12.04|10.96|26.33|32.96|0|6.43|0.0443
MKBD.ME|994.00|07/21/2023 16:11|||||||||||||||||0.004147
MOEX.ME|125.56|07/21/2023 16:11||0|||5.00|-4.50|1388.64|-15.94|14.49||0.21|0.538|7.80|18.66|0|5.03|3.53
MRKC.ME|0.4818|07/21/2023 15:50|1.59|0.821|2.52|0.51|7.00|-3.04|321.08|192.22|367.10||4.41|2.83|11.25|7.25|0|5.39|192.15
MRKK.ME|21.90|07/21/2023 16:15|-9.16|-0.538||0.36|2.00|-7.10|||||-135.05|-53.12||-165.43|0|0|0.7383
MRKP.ME|0.3174|07/21/2023 16:03|1.88|0.396|5.16|0.64|7.00|-3.03|173.84|328.90|338.80||8.87|7.97|16.98|15.43|0|9.99|503.45
MRKS.ME|0.4265|07/21/2023 15:49|0.78|2.37||0.31|6.00|-2.60|-135.29||||-2.58|0.2696|-11.67|1.05|0|0.95|17.49
MRKU.ME|0.3446|07/21/2023 16:05|2.09|0.348|4.32|0.50|8.00|-2.79|76.67|435.61|197.25||6.62|2.43|12.96|4.75|0|4.06|49.16
MRKV.ME|0.0491|07/21/2023 15:33|1.64|0.25|1.40|0.60|8.00|-2.95|398.96||191.06||0.88|3.68|1.48|5.28|0|7.93|739.78
MRKY.ME|0.0539|07/21/2023 15:31|0.65|21.41|1.71|0.72|7.00|-1.62|||-25.23||3.57|-3.68|2728.28|-222.65|0|4.22|188.14
MRKZ.ME|0.0454|07/21/2023 16:07|1.00|0.73|1.48|0.55|8.00|-3.18|534.55||111.52||0.37|-0.0322|1.10|-0.1326|0|2.70|569.12
MRSB.ME|0.599|07/21/2023 16:16|6.04|0.67|5.65|0.88|7.00|-3.13|||49.48||9.60|5.84|40.46|42.95|0|6.56|7.92
MSNG.ME|3.03|07/21/2023 16:04||0.042|10.40|3.35|||265.17||86.64||1.63|3.82|1.98|4.82|8.55|6.39|89.20
MSRS.ME|1.37|07/21/2023 15:44|1.34|0.287|14.21|0.40|7.00|-2.45|274.55||465.45||5.48|2.40|10.88|4.84|0|3.73|27.09
MSTT.ME|242.65|07/21/2023 16:06||3.22|0.47|1.18|||||||-5.83|-0.283|-182.55|-6.03|10.71|8.96|0.1967
MTEK.ME|2308.00|07/20/2023 23:50|||||||||||||||||0.000218
MTLR.ME|187.20|07/21/2023 16:08||-1.81|4.88|0.32|||205.57||||37.85|9.20||-53.77|0|0|4.81
MTSS.ME|291.00|07/21/2023 16:02|0.62|108.25|1.70|0.50|5.00|-2.67|-26.98||||2.24|4.78||3394.88|0|8.26|7.82
MVID.ME|202.30|07/21/2023 15:55|1.14|8.16|1.01|0.66|5.00|-2.45||63.08||4.74|0.36|3.03|5.63|23.72|16.68|5.46|0.4863
NAUK.ME|375.00|07/21/2023 16:07|1.61|0.318|0.60|1.29|7.00|-1.85|||||-0.76|3.29|-1.80|5.98|0|3.18|0.007856
NFAZ.ME|397.50|07/21/2023 16:10|3.17|3.29||0.94|7.00|-1.89||||286.23|-4.41|2.00|-44.76|30.80|0|0|0.0309
NKHP.ME|1241.00|07/21/2023 15:53|25.20|0.032|55.48|2.09|7.00|18.06|-61.15||-57.36||16.81|18.58|19.51|31.60|0|5.55|0.3665
NKNC.ME|122.00|07/21/2023 15:32||0.639|143.08|3.28|||||54.04||11.75|13.17|22.02|16.76|9.92|7.24|0.575
NKSH.ME|52.04|07/21/2023 15:39|3.89|0.193|13.03|0.63|8.00|1.52|67.63||634.91||84.44|4.90|2259.79|100.79|0|0|0.1957
NLMK.ME|189.98|07/21/2023 16:16||0.54|120.97|1.62|||82.54||71.04||45.50|21.62|87.55|39.73|19.32|12.86|7.27
NMTP.ME|9.36|07/21/2023 15:49||0.584|8.63|1.30|||69.73||-3.76||10.61|20.39|20.11|74.07|16.67|10.20|32.44
NNSB.ME|3400.00|07/21/2023 16:03|3.05|18.64|0.49|1.11|5.00|-2.46|||-97.95||0.11|0.555|10.08|67.60|0|0|0.000517
NSVZ.ME|336.00|07/21/2023 16:13||0.687|3.76|2.18|||||-43.10||0.52||1.05||0||0.1686
NVTK.ME|1463.60|07/21/2023 16:04||0.099|61.23|1.48|||-19.88||-2.23||19.27|21.23|24.98|28.00|2.98|2.28|0.9258
OGKB.ME|0.6823|07/21/2023 15:51||0.255|7.95|1.23|||255.10||81.95||2.03|4.12|3.02|6.88|9.46|6.09|282.86
OKEY.ME|34.13|07/21/2023 16:09|2.01|5.05|1.04|0.86|8.00|-2.89|||-98.63|4.34|0.22|-0.1254|1.77|-0.752|0|0|0.7428
OPNB.ME|98.80|07/21/2023 15:33|||||||||||||||||0.002551
OPNR.ME|92.06|07/21/2023 16:11|||||||||||||||||0.00754
OZON.ME|2100.00|07/21/2023 16:12|0.35|-28.12||0.84|6.00|-1.80|||||-11.74||||0||0.2593
PAZA.ME|11600|07/21/2023 16:10||0||7.56|||||||-17.03|2.02|-18.33|7.72|0|0|0.001717
PHOR.ME|7412.00|07/21/2023 16:00|4.47|1.30|40.87|0.92|||-0.8339|336.95|-18.57||34.57|21.81|78.07|55.02|0|5.38|0.0806
PIKK.ME|757.90|07/21/2023 16:09||1.80|5.52|2.52|||-145.13||49.43||12.25|9.29|47.03|39.20|4.11|3.93|0.3301
PLZL.ME|11530|07/21/2023 15:53|5.19|0.665|16.63|3.27|5.00|-1.82|-32.40|-3.04|-46.86||13.29|20.31|25.35|95.47|0|3.53|0.3772
PMSB.ME|172.80|07/21/2023 16:10|7.59|0.012|348.99|1.33|7.00|-3.00|88.37|74.07|4.78||15.08|13.98|44.22|49.46|0|7.84|0.0753
POLY.ME|550.00|07/21/2023 15:42|1.07|1.41|5.55|2.45|4.00|-2.39|52.30|||3.56|-4.47|12.70|-10.79|29.65|0|3.67|2.44
POSI.ME|2127.00|07/21/2023 16:12||0.605|31.17|1.82|||||-88.39||43.49||100.14||0||0.1225
PRFN.ME|4.51|07/21/2023 16:00|3.01|0.436|2.81|1.17|7.00|17.86|-7.92|40.58|-19.87||4.69|1.90|11.43|4.82|0|0|6.78
PRMB.ME|37800|07/21/2023 16:09||0.003|||7.00|-2.69|-63.39|745.75|3.43||1.39|3.11|10.79|26.81|0|3.38|0.000021
QIWI.ME|652.50|07/21/2023 16:07|2.69|0.069|1212.19|1.97|6.00|-1.82|461.29|1517.50|218.62|2.70|15.68|11.45|28.88|27.15|0|5.67|0.1794
RASP.ME|321.20|07/21/2023 16:11|5.70|0.01|54.27|3.01|8.00|-2.77|136.10|589.53|120.09||26.73|22.48|40.47|41.36|0|2.40|1.57
RBCM.ME|4.46|07/21/2023 16:09||-1.24|1.24|1.01|||||||-1.62|13.90|||0|0|2.07
RCHY.ME|117.40|07/21/2023 16:02|||||||||||||||||0.0991
RCMB.ME|965.00|07/20/2023 23:50|||||||||||||||||0.001625
RCMM.ME|114.49|07/21/2023 16:06|||||||||||||||||0.0104
RCUS.ME|116.35|07/20/2023 23:50|||||||||||||||||0.0556
RDRB.ME|227.00|07/21/2023 15:44||0.861|||||112.11||11.48||1.13|1.04|11.39|9.24|3.06|2.34|0.0286
RENI.ME|87.48|07/21/2023 15:40||0.086|||||||||||||0||1.43
RGSS.ME|0.2306|07/21/2023 16:17||0.055|27.31||||-113.32||-55.60||1.25|-4.66|4.98|-65.67|13.74|2.75|9.17
RKKE.ME|15500|07/21/2023 15:35||-3.76|0.20|1.08|||||||-1.98|0.0188|||0|1.12|0.001244
RNFT.ME|146.30|07/21/2023 16:14||1.39|9.27|0.43|||442.06||320.56||11.18|4.90|66.15|22.76|0|0|2.60
ROLO.ME|0.7784|07/21/2023 16:07|1.11|1.59|0.27|0.75|4.00|-3.08|-106.65||||-1.56|-2.43|-6.60|-9.48|0|0|45.67
ROSB.ME|103.60|07/21/2023 16:12||0.322|||5.00|-2.44||-69.27|62.58||1.24|0.9182|9.60|6.83|0|0|0.1175
ROSN.ME|479.30|07/21/2023 16:08||0.851|6.18|0.96|||64.39||124.84||5.58|3.62|17.38|11.47|4.17|3.85|3.04
ROST.ME|158.20|07/21/2023 15:53|-0.29|-2.64|0.74|0.25|8.00|-3.02|-365.09|524.38|||3.94|-4.03||-219.64|0|0|0.1509
RTGZ.ME|30700|07/21/2023 15:42|1.19|0.151|115.42|0.41|7.00|-3.62|1030.29||528.60||1.70|2.54|2.48|3.60|0|0|0.00001948
RTKM.ME|72.17|07/21/2023 16:13||3.03|1.69|0.58|||-14.81||-36.02||2.74|2.53|15.21|9.53|5.76|6.55|2.74
RTSB.ME|2.30|07/21/2023 15:32||-5.98|3.96|0.72|||-58.64||||10.15|4.54||21.98|0|2.31|2.85
RUAL.ME|41.46|07/21/2023 15:42|1.82|0.768|3.99|2.20|3.00|-2.25|5.50|50.06|92.45||7.27|9.17|13.71|23.59|0|0|20.21
RUGR.ME|16.74|07/21/2023 15:34||-1.76||0.79|||-4015.11||||-20.64|-21.94||-11.20|0|0|0.5083
RUSI.ME|87.30|07/21/2023 16:09|101.67|0.005||110.44|5.00||-79.32||||-17.92|-2.62|-18.28|-2.60|0|0|0.2427
RZSB.ME|36.86|07/21/2023 16:10|11.08|0.006|1684.72|2.19|6.00|-2.53||79.42|-29.29||23.58|20.73|40.58|43.70|0|7.53|0.0926
SAGO.ME|3.25|07/21/2023 16:06|6.93|0|64.75|2.10|5.00|-2.01||91.50|32.99||13.39|8.53|21.35|15.98|0|0|2.14
SARE.ME|0.408|07/21/2023 16:04||3.04||0.83|||-18.25||-86.92||0.32|0.3602|5.74|6.70|0|0|62.49
SBCS.ME|11.73|07/21/2023 16:13|||||||||||||||||0.0936
SBER.ME|243.77|07/21/2023 16:14||0.169|||6.00|-2.57|41.62|-7.64|60.61|6.93|0.83|2.29|5.98|17.59|0|3.92|37.91
SBGB.ME|12.41|07/21/2023 16:10|||||||||||||||||0.6607
SBMX.ME|16.62|07/21/2023 16:00|||||||||||||||||2.71
SBRB.ME|13.10|07/21/2023 15:33|||||||||||||||||2.38
SBRI.ME|12.55|07/21/2023 16:13|||||||||||||||||0.0864
SELG.ME|60.18|07/21/2023 15:55|2.65|0.619|1.36|0.72|4.00|-2.62|||10.00||5.31|4.62|15.87|14.74|0|4.57|2.88
SFIN.ME|501.40|07/21/2023 15:51|1.40|2.59||35.20|6.00|-0.17|||75.21||1.33|1.54|4.82|6.05|0|0.616|0.0136
SFTL.ME|162.40|07/21/2023 16:02|1.37|0.175|0.12|1.25|3.00|-2.17|||||-0.28||-0.90||0||0.4344
SGZH.ME|6.04|07/21/2023 16:14||2.14|0.56|0.71|||||6.47||2.79|3.41|13.42|19.43|0||156.15
SIBN.ME|527.75|07/21/2023 16:11||0.352|21.90|0.89|||50.53||100.86||11.02|9.13|22.42|17.70|9.18|6.21|0.4276
SLEN.ME|4.78|07/21/2023 16:05||1.21|2.34|1.25|||||||-0.01|-1.92|-0.02||0|0|0.9496
SMLT.ME|3515.00|07/21/2023 15:52||15.99|1.68|2.49|||||||3.72|2.90|87.19|45.40|0|0|0.3498
SNGS.ME|28.60|07/21/2023 16:02||0|19.78|4.78|||||564.20||7.77|7.17|8.99|11.62|1.81|1.11|33.16
SPBC.ME|1170.00|07/21/2023 15:44|||||||||||||||||0.000318
SPBE.ME|182.90|07/21/2023 15:39||0|40.47|52.60|||||-34.60||2.38||7.19||0||2.53
SPBF.ME|1126.00|07/21/2023 15:38|||||||||||||||||0.000136
STSB.ME|2.61|07/21/2023 15:54|6.55|0.291|18.70|1.24|9.00|-3.04|||84.68||12.31|5.83|32.52|22.29|0|0|2.87
SUGB.ME|1117.00|07/21/2023 16:16|||||||||||||||||0.005514
SVAV.ME|815.50|07/21/2023 16:14|2.11|0.637|4.65|0.96|9.00|-3.06||29.37|-35.66|15.17|1.62|0.5768|6.11|1.62|0|0|0.473
SVET.ME|31.90|07/21/2023 16:05||1.11|2.12|1.07|||||-92.08||5.59||15.87||0||0.2743
TASB.ME|1.49|07/21/2023 15:47||0.005|1193.61|1.51|||-41.22||-35.14||23.14|6.31|60.62|21.81|0|0|2.99
TATN.ME|491.30|07/21/2023 16:00|3.05|0.04|18.91|1.14|9.00|-2.37|95.12||70.28|7.04|13.30|13.58|21.03|21.39|5.76|6.78|2.08
TBRU.ME|5.53|07/21/2023 15:42|||||||||||||||||11.99
TCSG.ME|3358.50|07/21/2023 15:45||0.339|||6.00|-2.68||197.42|-34.16|6.96|4.35|5.88|33.27|41.93|0|0.63|0.3688
TGKA.ME|0.0113|07/21/2023 15:49||0.157|8.32|2.02|||350.45||350.45||4.57|4.15|6.47|6.29|10.76|5.00|72789
TGKB.ME|0.0089|07/21/2023 16:02|0.69|0.331|0.82|0.98|5.00|-2.50|1163.54||441.52||1.91|1.69|4.40|7.33|0|0|21515
TGKN.ME|0.0191|07/21/2023 16:02|1.68|0.395|4.90|0.39|7.00|-1.78|-14.89||||4.46|2.09|9.36|4.39|0|0|18707
TGLD.ME|7.26|07/21/2023 15:36|||||||||||||||||8.56
TMOS.ME|5.78|07/21/2023 15:45|||||||||||||||||42.41
TNSE.ME|2080.00|07/21/2023 15:51|2.56|0.03|12.64|1.21|4.00|-3.57|-25.58||||-12.89|-0.4974|-39.11|184244|0|0|0.0118
TORS.ME|0.73|07/21/2023 16:01|3.88|0.017|42.64|0.93|9.00|-3.31|1.17||106.74||9.24|1.53|12.27|2.07|0|1.37|12.91
TRMK.ME|168.52|07/21/2023 16:01|1.00|5.20|1.74|0.99|7.00|-3.02|86.17|-58.88||70.37|1.06|1.87|13.49|12.79|37.73|10.78|2.63
TRUR.ME|7.09|07/21/2023 16:02|||||||||||||||||178.25
TTLK.ME|0.7525|07/21/2023 16:03|4.29|0.099|55.45|2.42|6.00|-2.72|69.54|151.66|65.56||17.65|12.20|25.97|20.22|0|6.21|18.03
TUZA.ME|166.00|07/21/2023 16:05||0|1.95|1.33|||||37.02||25.76|1.49|104.80|11.08|0|0|0.0307
UCSS.ME|945.00|07/21/2023 16:02||0|||||||-13.25||4.74|13.58|4.89|3.79|0|0.922|0.000342
UKUZ.ME|1858.00|07/21/2023 16:11||-3.84|1.74|0.20|||4.16||||12.88|-0.1552|||0|0|0.003147
UNAC.ME|0.7385|07/21/2023 16:17|0.03|-4.12|0.22|1.17|6.00|-2.56|||||-2.79|-5.20||-194.21|0|0|49.78
UNKL.ME|9960.00|07/21/2023 15:49|4.97|0|1.26|13.67|5.00|681.53|-17.91||36.15||3.75|2.88|4.16|3.10|0|0|0.001291
UPRO.ME|1.89|07/21/2023 15:41|6.46|0.006|137.84|4.03|9.00|-2.53|116.19||115.10||16.83|11.79|19.02|13.36|0|7.35|69.44
URKZ.ME|28750|07/21/2023 16:16|3.23|0.153|11.58|3.11|5.00|-2.24|||335.93|3.40|11.89|10.01|14.06|12.21|0|0|0.00004795
USBN.ME|0.1578|07/21/2023 16:12||0.508|||||332.57||192.62||2.18|1.42|11.25|7.91|0|0|33.43
UTAR.ME|9.26|07/21/2023 16:07||-3.69|0.98|0.36|||||||11.28|0.868||4.11|0|0|0.3696
UWGN.ME|176.30|07/21/2023 16:07||-4.46||0.52|||||||-11.62|-4.78||-58.45|0|0|0.9302
VGSB.ME|8.55|07/21/2023 16:06|4.10|0|47.01|0.54|8.00|-2.76|||||16.74|-4.19|||0|0|0.8496
VJGZ.ME|2175.00|07/21/2023 16:08||0|190.26|0.98|||||53.36||8.67|4.46|13.38|6.76|0|0|0.003227
VKCO.ME|668.60|07/21/2023 16:01|0.62|0.793||0.86|7.00|-0.33||||0.75|-1.07|-1.95|-2.12|-3.26|0|0|1.49
VLHZ.ME|264.20|07/21/2023 16:14|4.63|0.627|3.01|1.09|7.00|-3.27|-104.90|140.21|4.22||7.60|1.48|21.85|4.28|0|3.54|0.0963
VRSB.ME|504.20|07/21/2023 15:43|11.77|0|58.70|1.19|7.00|-2.97||15.67|-72.51||38.00|10.88|116.48|54.40|0|2.48|0.1824
VSMO.ME|49040|07/21/2023 15:47||0.422|6.39|2.46|||||-55.52||3.87|5.59|6.74|9.89|0|3.83|0.000594
VSYD.ME|10700|07/21/2023 16:01||-1.47||2.07|||-125.44||||-3.70|-7.46||-11.43|0|0|0.001294
VTBR.ME|0.0231|07/21/2023 16:15||0.75|||||2738.43||1166.38||1.44|0.8924|14.49|8.33|2.05|5.65|122796
WTCM.ME|12.46|07/21/2023 16:10|2.35|0|50.22|6.16|6.00|-2.90|334.98|-72.36|104.23||1.21|2.09|1.45|2.51|0|5.05|0.1508
WUSH.ME|226.41|07/21/2023 16:04||7.16||1.75|||||||-8.05||-37.74||||0.451
YAKG.ME|120.50|07/21/2023 16:10|4.94|0.69|2.57|0.54|6.00|-2.81|-97.06||-74.62||6.42|4.51|13.73|10.83|0|0.108|0.1781
YKEN.ME|0.461|07/21/2023 16:15|0.40|-56.26|1.35|0.75|8.00|-1.67|-369.36||||14.20|1.48||-25.56|0|0|6.83
YNDX.ME|2531.80|07/21/2023 16:14|3.00|0.398|7.00|1.23|7.00|-2.06|-55.24||-56.52|20.39|10.25|7.69|20.17|12.03|0|0|0.9176
YRSB.ME|504.00|07/21/2023 15:34|4.15|1.81|3.40|0.79|8.00|-2.96|||-80.86||3.20|0.744|28.96|8.87|0|0|0.007476
ZILL.ME|3235.00|07/21/2023 15:49|3.03|0.137|6.92|6.49|8.00|-2.13|||481.05||5.09|17.87|6.51|11.04|0|0|0.001052
ZVEZ.ME|6.57|07/21/2023 16:09||-2.86||0.58|||||||-3.46|-1.51||-10.42|0|0|1.07