0001.HK|47.20|07/20/2023 16:08|0.67|0.669|2.88|1.27|6.00|-2.57|267.57|28.20|69.08|3.09|3.14|2.96|7.00|7.28|5.80|4.86|3.96
0003.HK|6.47|07/20/2023 16:08|1.73|0.95|4.57|0.66|6.00|-2.49|-35.28||-35.58|16.19|3.21|4.59|8.06|10.09|4.68|2.94|11.36
0012.HK|23.05|07/20/2023 16:08|0.64|0.269|6.11|2.06|5.00|-2.52|173.63||130.47|5.53|1.71|3.53|2.79|5.11|6.70|5.32|2.05
0016.HK|96.70|07/20/2023 16:08|1.36|0.223|10.89|3.89|4.00|-1.92|||76.74|7.19|2.33|4.63|3.13|6.14|5.34|4.34|2.99
0027.HK|53.55|07/20/2023 16:08|8.01|0.126||1.17|2.00|-2.84|-66.37|||33.80|-4.13|4.63|-5.21|6.65|0|0|6.41
0066.HK|35.20|07/20/2023 16:08|1.56|0.268|1.52|0.53|4.00|-2.47|-24.45||-19.36|17.49|3.23|2.99|5.50|4.78|3.50|2.92|2.11
0101.HK|11.50|07/20/2023 16:08|0.65|0.344|15.07|1.38|4.00|-2.50|92.72||103.85|8.16|1.76|1.97|2.80|2.81|5.13|4.61|4.47
0168.HK|68.55|07/20/2023 16:08|4.96|0.014|280.38|1.77|8.00|-3.20|-61.57|-41.46|-46.01|62.04|8.13|5.95|15.79|11.71|1.64|1.25|2.49
0175.HK|9.63|07/20/2023 16:08|1.73|0.175|2.22|1.15|5.00|-2.63|24.87||-14.74|12.56|3.54|6.95|7.12|14.29|1.85|1.63|30.13
0241.HK|4.95|07/20/2023 16:08|7.87|0.005||2.74|6.00|-2.28|-72.06||-79.19||2.59|0.407|3.53|0.423|0|0|30.86
0267.HK|8.48|07/20/2023 16:08||2.91|12.60|0.27|||287.69||328.51|4.50|0.69|0.6532|10.29|9.18|8.07|5.92|8.60
0268.HK|11.12|07/20/2023 16:08|5.01|0.073||1.06|2.00|-2.83|-78.35|||284.48|-3.46|0.1104|-5.28|0.2016|0|0.084|9.52
0288.HK|4.02|07/20/2023 16:08|2.98|0.406|13.62|1.61|7.00|-2.59|181.36|102.18|98.55|7.78|6.98|6.47|15.05|13.08|4.18|3.91|15.00
0291.HK|48.50|07/20/2023 16:08|3.76|0.045|119.98|0.88|5.00|-2.96|-56.78|-42.18|-71.30|117.14|7.87|5.63|16.47|11.79|1.12|0.642|6.63
0338.HK|1.12|07/20/2023 16:08|2.60|0.086||1.13|1.00|-0.87|20.00|||12.30|-6.28|3.46|-9.59|4.98|8.71|9.25|8.22
0386.HK|4.54|07/20/2023 16:08|2.16|0.556|5.41|0.87|4.00|-2.57|125.05||117.77|8.07|3.11|3.30|7.93|7.71|14.42|10.28|66.74
0388.HK|294.60|07/20/2023 16:08|1.02|0.036|3.81|1.09|4.00|-2.86|||-77.76|40.10|2.32|3.16|22.38|23.29|2.24|2.27|3.66
0669.HK|88.05|07/20/2023 16:08|3.42|0.741|17.21|1.37|6.00|-2.60|-72.67|3.07|-55.13|32.77|8.12|9.07|21.60|21.44|2.23|1.53|4.00
0670.HK|2.90|07/20/2023 16:08|0.10|6.25||0.37|5.00|-2.58|-118.60|||49.14|-8.72|-0.667|-54.82|-4.02|0|0.616|5.64
0688.HK|16.60|07/20/2023 16:08|1.45|0.766|30.40|2.36|3.00|-2.44|113.03||170.55|4.13|2.57|5.10|6.56|13.10|5.76|4.90|15.29
0700.HK|332.80|07/20/2023 16:08|4.23|0.465|11.42|1.53|5.00|-2.66|-2.91|44.84|-46.66|29.21|12.34|12.84|24.61|26.72|0.48|0.318|17.54
0788.HK|0.86|07/20/2023 16:08|1.14|0.409|5.22|0.76|7.00|-3.40|126.44|-42.53|43.68||2.73|1.86|4.50|3.30|3.73|1.68|92.49
0836.HK|17.02|07/20/2023 16:08|0.89|1.50|3.11|0.61|8.00|-2.84|-59.86||37.46|11.36|2.62|2.36|7.72|6.72|1.63|4.10|8.70
0857.HK|5.82|07/20/2023 16:08|2.65|0.32|12.59|1.00|9.00|-3.11|139.76|43.86|129.35|19.94|5.60|2.78|11.24|5.60|9.73|5.88|85.83
0868.HK|11.58|07/20/2023 16:08|3.11|0.423|12.98|1.09|5.00|-2.58|31.31|42.03|21.59|9.91|9.18|14.89|15.48|24.89|8.11|5.59|5.38
0881.HK|27.80|07/20/2023 16:08|3.36|0.699|4.88|1.62|5.00|-2.42|51.74|61.43|-4.54|14.62|7.40|8.21|15.60|21.45|2.10|1.47|3.06
0914.HK|20.00|07/20/2023 16:08|3.72|0.12|23.29|3.24|2.00|-1.93|214.24||132.42|5.56|5.56|16.55|7.15|21.48|10.10|5.68|4.16
0916.HK|7.71|07/20/2023 16:08|1.09|1.60|3.98|0.81|5.00|-3.03|-46.99||41.33|40.36|2.37|3.03|7.44|9.11|1.80|1.69|12.83
0939.HK|4.31|07/20/2023 16:08||0.72|||4.00|-2.54|551.25|140.55|371.53|4.88|0.93|1.05|11.45|12.37|8.73|6.48|354.25
0960.HK|16.34|07/20/2023 16:08|0.95|1.57|39.01|1.61|4.00|-2.25|253.73|183.62|191.32|5.39|2.77|3.09|18.14|20.03|7.61|4.48|13.30
0968.HK|8.08|07/20/2023 16:08|4.54|0.30|26.84|1.80|5.00|-2.37|-90.90|-24.15|-33.72|26.44|7.69|9.65|12.71|18.05|2.30|2.58|15.93
0992.HK|8.49|07/20/2023 16:08|2.00|0.78|11.16|0.88|7.00|-2.81||278.97||15.90|4.92|3.36|40.20|28.12|4.47|4.25|36.51
1024.HK|57.00|07/20/2023 16:08|-0.60|0.293||1.15|6.00|-3.14|||||-9.68||-20.40||0||15.31
1038.HK|40.35|07/20/2023 16:08|2.84|0.218|4.94|1.59|5.00|-2.17|23.87||48.62|7.80|4.71|5.35|6.07|7.00|6.17|5.10|1.07
1044.HK|30.45|07/20/2023 16:08|2.48|0.874|7.38|1.38|6.00|-2.73|48.61||-12.46|8.45|4.32|8.07|9.78|19.45|4.11|4.99|1.60
1055.HK|4.60|07/20/2023 16:08|-0.24|4.18||0.23|||-126.01|||166.63|-9.57|-2.99|-63.51|-16.44|0|0.722|6.13
1061.HK|3.29|07/20/2023 16:08|2.29|0.283|24.53|2.16|6.00|-3.00|17.92|-27.75|-7.51|10.20|8.08|13.15|12.98|21.55|2.39|1.55|0.0379
1066.HK|10.42|07/20/2023 16:08|3.72|0.207|16.55|3.05|3.00|-2.30|-19.39|0.1901|-25.38|23.99|8.30|7.67|12.99|11.98|1.34|1.40|5.51
1088.HK|23.10|07/20/2023 16:08|3.99|0.133|30.22|2.43|7.00|-2.80|97.00|-33.38|79.67|12.89|10.77|8.34|17.39|13.73|13.89|9.60|13.21
1093.HK|6.29|07/20/2023 16:08|6.74|0.019|273.71|2.67|4.00|-2.60|-1.72|77.03|-8.13|19.84|15.52|16.24|21.24|22.80|2.37|1.74|33.05
1099.HK|23.80|07/20/2023 16:08|2.15|1.02|6.57|1.36|5.00|-2.76|181.54|39.10|59.87|10.04|2.33|2.49|12.91|13.59|4.36|3.44|5.14
1109.HK|32.20|07/20/2023 16:08|0.95|0.919|27.79|1.35|4.00|-2.18|102.48|-22.23|91.87|8.02|2.70|3.65|11.73|15.62|4.92|3.97|8.91
1113.HK|43.50|07/20/2023 16:08|1.96|0.14|14.69|3.82|5.00|-2.40|238.92||156.48|6.79|4.20|5.23|5.73|7.51|4.63|3.95|3.53
1171.HK|11.80|07/20/2023 16:08|2.22|0.762|10.59|1.14|8.00|-3.35|113.39|350.83|218.02|17.48|10.08|5.67|33.74|21.21|7.96|11.38|16.55
1177.HK|3.43|07/20/2023 16:08|2.67|0.47|13.85|1.29|5.00|-2.76|23.30|-68.18|-34.94|13.38|3.99|16.38|8.36|37.69|2.17|1.23|45.76
1288.HK|2.66|07/20/2023 16:08||0.827|||4.00|-2.67|695.11|183.08|360.90|4.72|0.76|0.8616|9.80|11.10|9.06|7.33|149.88
1299.HK|77.40|07/20/2023 16:08||0.294|2.23|2.62|4.00|-1.96|-50.45||-87.95|27.33|0.09|1.59|0.59|8.58|1.74|1.57|17.60
1336.HK|19.04|07/20/2023 16:08||0.092|1.41|5.87|7.00|-2.86|453.27||244.34|10.34|1.10|1.33|12.52|14.07|9.16|5.39|3.00
1347.HK|25.55|07/20/2023 16:08|1.75|0.636|14.72|2.22|9.00|-2.40|-140.18|83.42|15.58|23.28|6.92|5.20|15.36|9.20|0|0.778|6.33
1368.HK|7.60|07/20/2023 16:08|3.23|0.42|10.94|1.86|3.00|-2.43|-45.24|-56.80|-33.42|22.65|5.81|6.10|11.13|10.91|3.11|3.40|6.56
1378.HK|6.75|07/20/2023 16:08|1.44|0.707|4.94|1.23|4.00|-2.19|179.56||117.37|5.78|4.58|5.16|10.34|13.36|13.67|8.34|13.05
1385.HK|21.05|07/20/2023 16:08|22.05|0.023|328.19|4.79|6.00|-1.57|-86.68|73.36|-30.71|38.08|10.09|7.75|13.59|10.45|0.26|0.052|3.42
1398.HK|3.61|07/20/2023 16:08||0.46|||4.00|-2.63|889.34|146.72|351.37|4.63|0.90|1.03|10.34|11.77|8.56|6.31|254.64
1658.HK|4.44|07/20/2023 16:08||0.136|||4.00|-2.63|445.75|195.21|220.48||0.63|0.607|10.20|10.93|5.96|4.84|39.28
1801.HK|31.25|07/20/2023 16:08|3.98|0.301||3.29|3.00|-2.63|||||-12.76|-40.26|-20.79|-126.86|0|0|6.17
1810.HK|11.06|07/20/2023 16:08|2.72|0.152|2.14|2.00|4.00|-2.70|-14.37||-38.15||2.56|6.99|5.05||0|0|61.86
1876.HK|18.28|07/20/2023 16:08|5.09|0.021|47.94|0.82|5.00|-2.62|||-78.47||5.69|4.96|8.51|7.59|0.95|0.564|9.36
1880.HK|105.90|07/20/2023 16:08|8.59|0.143|39.82|3.21|4.00|-2.47|-61.90|-58.66|-63.39|52.09|7.08|14.22|11.27|25.05|0|0|1.16
1898.HK|5.77|07/20/2023 16:08|1.70|0.601|11.21|1.31|7.00|-2.96|292.33|312.27|186.20|18.80|5.41|3.08|14.26|8.55|5.56|4.03|10.92
1919.HK|8.09|07/20/2023 16:08|2.65|0.427|23.90|1.71|4.00|-2.99|890.98|1892.12|457.81|4.84|17.39|11.23|45.29|43.97|40.95|8.19|19.11
1928.HK|27.65|07/20/2023 16:08|0.89|-14.56||0.65|2.00|-3.26|-79.79|||26.14|-15.60|-1.11|-1486.09|-340.73|0|2.70|10.26
1929.HK|12.82|07/20/2023 16:08|3.45|0.682|13.05|1.51|5.00|-2.66|-0.1513|-56.88|-53.10|25.16|6.07|7.30|16.52|16.54|3.21|3.68|5.60
1997.HK|39.90|07/20/2023 16:08|1.15|0.244|7.74|0.40|5.00|-2.57|92.26||||-3.35|0.6708|-4.46|0.841|2.98|3.89|2.17
2007.HK|1.46|07/20/2023 16:08|0.59|1.33||1.25|4.00|-1.88|1066.67|||1.31|-0.31|1.53|-2.87|18.80|4.54|5.70|151.84
2015.HK|144.30|07/20/2023 16:08||0.2592||2.16|||||||-2.22||-2.47||0||5.70
2020.HK|82.90|07/20/2023 16:08|5.54|0.567|21.46|1.63|4.00|-2.90|-43.07|-8.82|-63.30|44.70|11.34|14.16|23.46|26.69|1.28|1.19|6.31
2196.HK|20.40|07/20/2023 16:08|1.82|0.678|3.75|1.08|4.00|-2.36|-72.57|-67.19|-11.61|22.50|4.09|4.43|10.00|10.60|2.59|1.76|1.49
2202.HK|9.81|07/20/2023 16:08|0.79|1.41|9.77|1.32|6.00|-2.29|356.48||241.05|5.33|1.22|1.91|9.34|17.01|7.39|5.49|12.46
2238.HK|4.59|07/20/2023 16:08|2.00|0.184||1.49|4.00|-2.09|-88.32||174.10|14.16|3.75|5.45|6.24|9.33|5.12|4.14|11.49
2269.HK|40.45|07/20/2023 16:08|7.38|0.126|75.27|1.98|4.00|-2.38|-98.29|-31.05|-63.13||9.24|8.41|12.79|11.19|0|0|26.15
2313.HK|77.95|07/20/2023 16:08|6.22|0.303|18.17|2.55|6.00|-1.98|-50.93||-48.23|26.73|10.38|13.67|15.19|17.98|1.88|1.59|4.00
2318.HK|49.90|07/20/2023 16:08||1.48|3.16|9.23|6.00|-2.72|276.79|6.19|62.92|9.22|0.88|1.39|11.13|17.55|5.65|3.61|21.44
2319.HK|27.90|07/20/2023 16:08|2.34|0.975|5.25|1.11|4.00|-2.54|-38.48|-24.84|-54.84|31.68|4.90|5.08|13.58|13.38|1.24|0.732|9.47
2328.HK|8.35|07/20/2023 16:08||0.046|32.73|0.518|6.00|-2.48|115.43||109.05|7.70|3.60|3.49|12.77|12.50|6.45|5.78|19.41
2331.HK|40.50|07/20/2023 16:08|8.52|0.088|44.00|1.71|2.00|-2.05|-47.59|1.89|-52.48|82.11|12.59|13.16|17.70|20.45|0.79|0.366|14.14
2333.HK|9.56|07/20/2023 16:08|2.22|0.463|4.50|1.09|5.00|-3.04|15.24|-8.65|12.54|8.89|3.72|4.24|10.13|10.42|0.85|2.99|21.65
2359.HK|69.35|07/20/2023 16:08|7.83|0.116|51.65|1.74|9.00|-2.60|-78.98|4.20|-47.17||14.51|10.32|20.67|15.11|0.75|0.336|1.74
2382.HK|67.35|07/20/2023 16:08|3.52|0.295|9.51|1.58|5.00|-3.18|-29.07|-67.89|-55.08|28.03|5.91|12.38|11.21|27.59|1.24|0.762|5.61
2388.HK|23.05|07/20/2023 16:08||0.431|||5.00|-2.82|149.89|-38.71|80.77|7.53|0.78|0.9244|8.82|9.84|4.22|5.01|8.20
2518.HK|56.25|07/20/2023 14:44|3.99|0||5.24|5.00|-2.73|||7.66|11.89|6.89|14.06|8.56|19.19|1.80|0.36|0.0162
2600.HK|3.52|07/20/2023 16:08|2.07|1.59|5.30|0.87|6.00|-2.90|149.02|-42.86|2.52||1.99|1.14|7.15|4.27|1.10|0.22|24.19
2601.HK|18.70|07/20/2023 16:08||0.059|1.20|0.91|5.00|-2.73|403.05||122.60|11.85|1.26|1.49|11.61|12.91|6.86|5.13|9.39
2618.HK|11.94|07/20/2023 16:08|2.02|0.513|0.47|1.68|4.00|-2.88|||||-1.57||-3.25||0||5.16
2628.HK|11.46|07/20/2023 16:08||0.113|6.07|1.76|5.00|-2.99|211.28||79.52|25.97|0.62|1.01|6.83|9.87|5.83|4.04|23.01
2688.HK|89.95|07/20/2023 16:08|2.83|0.517|16.23|0.75|5.00|-2.72|-16.85||-49.54|23.64|5.63|6.55|15.42|19.96|2.52|1.76|2.02
2883.HK|8.98|07/20/2023 16:08|2.09|0.55|3.83|1.46|6.00|-2.72|-12.08|-62.31|22.73|59.66|3.21|2.09|6.20|4.24|0.25|1.53|6.61
2899.HK|12.74|07/20/2023 16:08|2.51|1.31|8.03|1.09|3.00|-1.45|-61.33|46.95|-63.12|45.04|6.79|5.51|22.54|16.25|2.22|2.34|25.10
3690.HK|126.70|07/20/2023 16:08|3.45|0.43|2.62|1.83|5.00|-3.50|||||0.89|-24.09|1.70|-108.28|0|0|19.92
3692.HK|12.32|07/20/2023 16:08|7.14|0.193|48.00|9.86|6.00|-2.38||-63.05|-44.94||8.82|15.51|11.90|25.81|0.93|0.268|3.19
3800.HK|1.58|07/20/2023 16:08|1.81|0.315|58.00|1.09|6.00|-1.54|-120.36||214.37|15.76|21.02|4.09|43.73|6.28|0|0|91.67
3888.HK|32.90|07/20/2023 16:08|4.01|0.139|11.07|5.72||-3.58|-22.87||-81.58|24.62|0.15|2.82|0.23|4.15|0.47|0.446|6.72
3898.HK|30.50|07/20/2023 16:08|3.99|0.097|124.33|3.11|2.00|-2.24|-5.06||9.67|12.00|5.37|7.17|7.44|10.38|1.39|1.42|1.78
3908.HK|13.98|07/20/2023 16:08|0.64|2.79|1.91|1.34|6.00|-3.06|-106.43|114.34|104.66|10.98|1.13|1.48|8.14|10.44|2.36|1.18|4.59
3968.HK|33.70|07/20/2023 16:08||0.534|||6.00|-2.58|301.62|159.68|123.88|9.43|1.40|1.30|14.97|15.31|4.13|3.10|17.14
3988.HK|2.75|07/20/2023 16:08||0.715|||5.00|-2.47|441.43|133.57|360.00|5.21|0.78|0.8386|9.45|10.39|9.12|7.61|262.72
6030.HK|13.88|07/20/2023 16:08||0.777||2.03|4.00|-2.50|114.44|-41.94|82.36|17.95|1.55|1.67|8.49|8.71|4.05|3.08|5.62
6098.HK|9.25|07/20/2023 16:08|1.68|0.121|27.36|1.39|4.00|-2.24|117.45|68.23|-20.06||2.90|12.49|5.32|28.26|1.87|0.626|24.21
6185.HK|24.60|07/20/2023 16:08|2.00|0.40||2.63|1.00|13.73|||||-7.35|-4.88|-11.55|-6.99|1.40|0.28|1.56
6618.HK|51.75|07/20/2023 16:08|10.72|0.005||4.88|4.00|-2.75|||||0.74||0.90||0||3.80
6690.HK|24.25|07/20/2023 16:08|2.71|0.352|14.95|1.16|6.00|-2.50|-10.63||-24.98|18.92|6.53|5.25|16.54|17.77|2.03|0.674|8.47
6862.HK|17.90|07/20/2023 16:08|5.97|1.33|6.93|1.45|7.00|-3.64|-88.99|-77.01|-82.16||5.12|5.29|16.91|6.25|0|0.122|11.36
6865.HK|23.15|07/20/2023 16:08|3.58|0.913|7.23|1.18|2.00|-1.20|-136.15|18.42|-44.03||7.71|10.28|15.96|19.12|0|0.748|5.00
6881.HK|3.97|07/20/2023 16:08||1.50||1.19|4.00|-2.38|118.30||218.55||1.07|1.65|6.36|8.16|9.48|5.06|11.76
6969.HK|8.16|07/20/2023 16:08|8.78|0.027|83.81|5.35|4.00|-2.23||49.74|-19.66||10.42||12.45||2.26||9.29
9618.HK|142.90|07/20/2023 16:08|3.10|0.312|10.46|1.36|6.00|-2.49|-7.95||-39.81|236.48|3.46|3.96|9.24|10.59|0|0|8.40
9626.HK|122.10|07/20/2023 16:08|1.40|0.728||1.43|3.00|-3.31|-71.36||||-12.67|-13.31|-33.08|-31.56|0|0|2.47
9633.HK|42.75|07/20/2023 16:08|18.73|0.105|132.60|1.26|5.00|-2.31||-60.89|-84.42||22.61||38.49||1.19||2.44
9696.HK|49.20|07/20/2023 16:08|3.04|0.174|19.48|3.44|||||70.69||18.69||38.89||0||1.15
9866.HK|81.95|07/20/2023 16:08|0.97|1.45||1.28|2.00|-2.32|||||-18.55|-35.99|-61.59||0|0|1.30
9868.HK|57.55|07/20/2023 16:08|1.11|0.366||1.68|1.00|-1.96|||||-13.88||-25.12||0||18.13
9888.HK|140.60|07/20/2023 16:08|2.34|0.41|6.07|2.94|6.00|-2.22|-1.33||-34.31|20.20|3.63|4.52|6.40|8.53|0|0|5.66
9988.HK|89.50|07/20/2023 16:08|2.88|0.163|2.16|1.81|7.00|-3.79|95.60||-38.02|20.35|4.16|8.23|7.45|15.14|0|0|41.30
9992.HK|19.32|07/20/2023 16:08|9.93|0.106|14.30|5.85|4.00|-2.57||-49.74|-63.62||5.53||6.74||0.92||4.32
9995.HK|41.90|07/20/2023 16:08|14.07|0.033||3.60||31.38|||||-18.06||-21.20||0||2.39
9999.HK|160.40|07/20/2023 16:08|5.85|0.286||2.33|7.00|-2.71|-29.94|-14.54|-52.29|36.30|13.13|12.41|21.60|21.74|2.14|0.742|5.11