0001.HK|47.70|03/01/2023 16:08|0.62|0.693|3.26|1.26|7.00|-2.53||42.66|44.83|2.97|2.85|3.00|6.55|7.47|4.96|4.25|3.84
0003.HK|7.41|03/01/2023 16:08|1.38|0.881|4.54|0.69|5.00||||-48.64|17.59|2.58|5.29|6.19|11.28|2.87|2.00|11.22
0012.HK|28.40|03/01/2023 16:08|0.74|0.293|13.33|2.10|4.00|-2.09|||121.88|6.03|2.17|4.79|3.45|6.77|5.41|3.98|2.73
0016.HK|108.80|03/01/2023 16:08|1.48|0.211|15.48|4.00|4.00|-1.92|105.42||86.38|8.04|3.18|4.63|4.27|6.14|5.34|4.34|2.91
0027.HK|53.85|03/01/2023 16:08|9.12|0.142||1.31|5.00|-2.11||||28.33|-0.54|8.26|-0.70|11.82|0|0|8.93
0066.HK|40.05|03/01/2023 16:08|1.70|0.222|1.63|0.94|6.00|-2.74|||-21.78|18.70|3.96|3.65|6.57|5.82|2.94|2.69|2.05
0101.HK|15.56|03/01/2023 16:08|0.75|0.327|15.29|1.43|5.00|-2.48|||53.43|9.82|1.64|2.52|2.57|3.49|4.78|4.37|4.55
0175.HK|10.62|03/01/2023 16:08|1.81|0.197|3.16|1.15|6.00|-2.84|||-29.38|14.33|3.15|9.12|5.91|20.28|0.94|1.35|53.81
0241.HK|6.05|03/01/2023 16:08|11.40|0.006||2.79|2.00|-2.05|||-91.07||0.59|-1.03|0.81|-1.45|0|0|63.81
0267.HK|8.90|03/01/2023 16:08|-0.43|2.91|12.60|0.27|4.00|||157.74|333.95|4.37|0.69|0.6532|10.29|9.18|6.99|4.30|7.08
0268.HK|16.18|03/01/2023 16:08|8.80|0.017||1.03|4.00|-2.52||||329.92|-3.75|1.76|-5.42|2.90|0|0.084|14.99
0288.HK|4.76|03/01/2023 16:08|2.38|0.496|17.05|1.71|5.00|-2.55|||52.78||6.02|6.65|12.52|13.40|3.59|3.07|15.21
0291.HK|62.65|03/01/2023 16:08|4.46|0.035|124.42|0.93|8.00|-1.98||-25.54|-74.72|125.84|7.50|4.68|15.66|9.91|0.74|0.418|6.75
0338.HK|1.37|03/01/2023 16:08|2.96|0.149||1.32|8.00|-3.37|||31.85|12.67|0.87|8.12|1.34|11.66|6.69|7.51|8.98
0386.HK|4.11|03/01/2023 16:08|2.06|0.532|7.84|0.86|5.00|-2.67|211.22||158.10|6.65|3.46|3.32|8.76|7.56|9.64|7.40|80.62
0388.HK|330.80|03/01/2023 16:08|0.93|0.048|33.38|1.07|4.00|-2.71||-82.21|-80.92|45.27|2.05|3.18|20.36|23.49|2.01|2.20|4.56
0669.HK|80.25|03/01/2023 16:08|2.89|0.784|30.43|1.41|5.00|-1.72||21.92|-48.08|34.75|8.94|9.20|24.71|20.78|1.07|1.31|10.22
0688.HK|20.40|03/01/2023 16:08|1.22|0.769|45.12|2.43|5.00|-2.07||24.72|197.74|4.90|4.11|5.92|10.57|15.19|6.39|4.36|20.44
0700.HK|368.80|03/01/2023 16:08|4.43|0.486|11.99|1.45|4.00|-2.68|-10.61|52.06|-50.03|33.70|11.67|13.67|22.58|28.82|0.35|0.252|23.34
0836.HK|16.26|03/01/2023 16:08|0.80|1.43|1.14|0.79|6.00||||-65.12|9.99|0.12|2.18|0.33|6.20|2.51|3.77|13.54
0857.HK|4.11|03/01/2023 16:08|2.26|0.35|13.51|1.02|9.00|-2.88|192.65|6.62|203.92|12.32|5.16|1.88|10.50|3.84|7.61|4.14|78.18
0868.HK|15.02|03/01/2023 16:08|4.00|0.482|46.20|1.39|6.00|-2.19||321.60|38.38|12.44|17.05|15.95|28.85|26.92|6.53|3.97|8.25
0881.HK|41.15|03/01/2023 16:08|3.77|0.649|7.82|1.50|7.00|-2.46||148.51|-27.99|25.04|9.97|8.35|21.61|23.30|0.95|1.05|2.55
0939.HK|4.94|03/01/2023 16:08||0.742|||5.00|-2.59|465.57|144.47|312.91|4.77|0.99|1.09|11.97|13.06|7.21|5.62|222.28
0960.HK|24.55|03/01/2023 16:08|0.82|1.85|45.67|1.47|4.00|-2.25||416.82|111.04|8.26|2.73|3.41|20.13|20.45|4.97|2.96|8.97
0968.HK|8.76|03/01/2023 16:08|5.77|0.261|33.37|2.02|3.00|-2.26||0.1064|-39.68|33.88|7.71|10.47|12.69|21.21|2.58|2.12|19.81
0992.HK|7.32|03/01/2023 16:08|1.95|0.944|11.16|0.91|7.00|-2.81|121.47|355.51||13.20|4.79|2.49|44.26|21.39|3.76|4.68|60.37
1024.HK|56.05|03/01/2023 16:08|-0.91|0.289||1.23||-2.90|||||-25.60||-49.44||0||24.25
1038.HK|42.00|03/01/2023 16:08|1.96|0.223|4.07|1.36|5.00||||52.83|7.96|5.42|5.83|7.10|7.62|5.03|4.56|1.17
1044.HK|36.05|03/01/2023 16:08|2.48|1.17|6.72|1.33|5.00|-2.58|||-8.83|9.85|5.92|9.33|13.88|22.60|6.87|4.73|1.62
1061.HK|4.10|03/01/2023 16:08|2.62|0.294|44.69|2.13|9.00|-2.15||109.45|-2.74|12.70|11.71|14.73|19.17|24.11|1.82|1.32|0.0823
1088.HK|24.00|03/01/2023 16:08|3.93|0.16|35.72|2.40|8.00|-2.70|||53.98|12.21|10.98|7.81|17.93|13.31|11.80|7.34|18.44
1093.HK|8.58|03/01/2023 16:08|8.86|0.024|551.62|2.70|6.00|-2.08||52.32|-35.79|30.21|15.48|16.22|20.97|22.98|2.00|1.27|32.15
1109.HK|35.70|03/01/2023 16:08|0.84|0.956|35.77|1.36|6.00|-2.21||104.39|78.98|9.82|3.12|4.06|13.56|16.95|4.63|2.98|10.35
1113.HK|50.00|03/01/2023 16:08|1.27|0.133|20.87|4.30|8.00||||149.37|7.80|4.92|5.84|6.95|8.49|3.80|3.49|2.82
1177.HK|4.16|03/01/2023 16:08|3.62|0.398|13.50|1.55|5.00|-1.11||444.42|5.34|16.39|13.42|17.87|28.64|41.27|1.10|0.93|34.05
1299.HK|85.50|03/01/2023 16:08||0.252|12.02|0.242|4.00|||-37.89|-57.38|26.85|1.11|2.19|6.75|11.66|1.76|1.51|18.58
1347.HK|32.40|03/01/2023 16:08|1.90|0.553|18.21|2.13|7.00|-2.36||-64.39|-2.63||6.40|5.34|13.30|7.98|0|1.14|6.57
1368.HK|9.30|03/01/2023 16:08|3.66|0.384|15.31|2.42|5.00|-2.34||-69.21|-34.94|24.97|7.45|5.94|13.47|10.38|1.45|3.55|8.05
1378.HK|8.88|03/01/2023 16:08|1.74|0.706|7.42|1.57|7.00|-2.83||49.94|161.26|6.99|8.29|4.97|19.35|13.54|11.49|5.60|23.74
1398.HK|4.04|03/01/2023 16:08||0.414|||5.00|-2.59|625.77|169.39|316.33|4.67|0.97|1.08|10.98|12.59|7.29|5.44|211.56
1801.HK|40.55|03/01/2023 16:08|5.17|0.288||3.22|1.00|-0.55|||||-19.05|-42.78|-29.22||0|0|6.98
1810.HK|12.60|03/01/2023 16:08|2.72|0.182|6.00|1.76|6.00|-2.57|||-68.72||0.67|-5.89|1.39||0|0|87.21
1876.HK|25.15|03/01/2023 16:08|5.54|0.023||0.73|7.00|-2.67|||-81.94||6.63||10.01||1.08||7.19
1928.HK|28.55|03/01/2023 16:08|2.10|66.61||1.09|6.00|-2.69||||20.92|-14.18|4.90|-166.92|-0.1506|0|3.69|15.30
1929.HK|15.52|03/01/2023 16:08|3.60|0.931|20.11|1.51|7.00|-2.93||-33.55|-55.72|28.37|7.52|7.60|19.89|15.79|3.23|3.53|7.25
1997.HK|43.40|03/01/2023 16:08|1.38|0.246|14.30|0.44|7.00|-2.83|||||-0.02|2.62|-0.02|3.43|3.43|3.29|2.88
2007.HK|2.60|03/01/2023 16:08|0.71|1.49||1.25|4.00|-2.27||1370.24|393.65|2.10|0.65|2.24|6.52|25.89|8.03|5.19|148.55
2015.HK|100.20|03/01/2023 16:08|3.60|0.272||2.83|4.00|-2.08|||||-2.75||-4.43||0||8.32
2020.HK|109.70|03/01/2023 16:08|7.18|0.606|21.02|1.66|7.00|-2.85||-16.48|-69.98|63.84|12.35|15.75|25.60|27.53|0.92|1.36|5.79
2269.HK|58.30|03/01/2023 16:08|10.62|0.128|103.44|2.30|7.00|-1.59||-55.88|-72.12||9.00|8.10|12.16|11.04|0|0|21.20
2313.HK|90.60|03/01/2023 16:08|6.74|0.339|17.03|2.19|5.00|-2.38||-81.37|-56.05|30.68|8.39|15.00|12.19|19.44|1.45|1.22|3.45
2318.HK|57.50|03/01/2023 16:08||1.72|6.34|6.18|5.00|-2.65|183.54||50.22|9.54|0.92|1.54|11.66|19.89|4.84|2.77|28.29
2319.HK|36.30|03/01/2023 16:08|2.81|0.926|5.17|1.08|5.00|-2.07||8.63|-51.26|44.26|5.99|4.92|15.71|12.68|0.74|0.576|8.31
2331.HK|71.25|03/01/2023 16:08|11.50|0.074|62.06|2.07|8.00|-2.13||-30.63|-70.29|683.05|16.06|12.23|23.67|19.35|0.29|0.208|9.23
2382.HK|96.95|03/01/2023 16:08|4.89|0.314|16.63|1.83|6.00|-2.78||47.47|-52.91|37.79|9.68|15.60|18.46|34.99|0.43|0.582|6.10
2388.HK|26.80|03/01/2023 16:08||0.015|||5.00|-2.52||-38.61|47.01|8.63|0.68|1.02|7.91|10.79|4.85|4.76|10.87
2518.HK|63.05|03/01/2023 16:08|5.82|0||6.02|5.00|-2.99|||5.32|12.14|6.66|14.18|8.24|19.34|0|0|0.032
2600.HK|4.21|03/01/2023 16:08|2.10|1.35|5.20|1.07|8.00|-3.16|||47.25||3.05|0.8888|10.13|3.40|0|0|32.66
2618.HK|14.62|03/01/2023 16:08|1.86|0.357||1.96|5.00|-3.57|||-55.57||-2.42||-4.76||0||6.80
2628.HK|14.10|03/01/2023 16:08||0.116|5.80|1.47|5.00|-2.45||-8.89|90.96|27.01|0.71|1.13|7.33|10.67|5.94|3.10|27.01
2688.HK|113.70|03/01/2023 16:08|2.26|0.604|16.43|0.77|6.00|-2.25||57.57|-38.06|30.35|7.21|6.48|20.28|20.57|1.83|1.56|2.06
3690.HK|142.80|03/01/2023 16:08|3.41|0.529||2.12|2.00|-2.52|||||-9.33|-29.27|-17.55||0|0|35.26
3692.HK|14.86|03/01/2023 16:08|7.66|0.195|55.65|7.70|5.00|0.34||-41.63|-48.94||9.99||13.61||0.41||2.13
3800.HK|2.14|03/01/2023 16:08|1.67|0.288|6.85|1.25|7.00|-2.06|||92.57|168.98|13.59|0.391|32.48|-0.465|0|0|183.60
3888.HK|27.55|03/01/2023 16:08|3.32|0.105|9.40|5.57|4.00|-2.87|9.53||-74.65|19.21|0.25|9.91|0.36|15.88|0.58|0.43|7.72
3968.HK|45.25|03/01/2023 16:08||0.507|||8.00|-2.39||58.67|43.04|11.09|1.41|1.27|15.24|15.67|2.49|2.82|17.97
3988.HK|2.94|03/01/2023 16:08||0.703|||7.00|-2.39||83.51|283.85|4.95|0.82|0.8706|9.94|10.95|8.46|6.79|159.02
6098.HK|15.84|03/01/2023 16:08|2.34|0.086|21.52|1.33|2.00|-0.41||159.47|-27.88||7.20|14.71|13.08|33.99|0.57|0.252|28.32
6618.HK|59.45|03/01/2023 16:08|12.09|0.005||4.88|3.00|-2.70|||||-0.84||-1.02||0||6.73
6969.HK|10.36|03/01/2023 16:08|12.72|0.018|121.48|4.91|4.00|-1.88||166.84|-18.57||17.04||20.13||1.21||14.39
9618.HK|183.30|03/01/2023 16:08|3.45|0.325|8.36|1.30|5.00|-2.54|-14.59||-88.18|588.75|0.29|3.61|0.72|9.71|0|0|10.60
9626.HK|166.00|03/01/2023 16:08|0.81|1.18||1.64|2.00|-3.18|||||-16.97|-11.61|-40.75|-25.96|0|0|2.83
9633.HK|44.45|03/01/2023 16:08|22.07|0.145|182.56|1.20|6.00|-1.91|||-85.76||22.75||39.51||0.40||3.99
9866.HK|79.70|03/01/2023 16:08|1.46|0.927||1.59|5.00|-1.57|||||-12.50|-49.30|-34.68||0|0|1.50
9868.HK|37.65|03/01/2023 16:08|0.90|0.217||1.89|4.00|0.31|||||-11.91||-19.34||0||12.67
9888.HK|145.00|03/01/2023 16:08|2.16|0.44|4.29|2.46|4.00|-2.17|3.18||-62.13|17.41|1.12|5.87|2.01|11.48|0|0|17.30
9988.HK|91.90|03/01/2023 16:08|3.03|0.164|1.64|1.74|6.00|-2.77|||-58.63|21.74|1.79|9.60|3.21|17.84|0|0|53.26
9992.HK|24.30|03/01/2023 16:08|11.92|0.095|37.92|6.67|2.00|-0.98|||-54.56||10.14||12.30||0.41||7.02
9999.HK|131.30|03/01/2023 16:08|5.54|0.275||2.31|8.00|-2.89|-10.02|-6.71|-37.69|29.26|13.69|13.43|22.72|23.08|0.81|0.314|6.50